/*********************************************
 * OPL 22.1.1.0 Data
 * Author: 48731
 * Creation Date: 27 maj 2023 at 23:43:18
 *********************************************/
unique_values = 5;

size_of_board = 5;

board_state = [[[0, 0, 1, 0, 0], [0, 0, 1, 0, 0], [1, 1, 1, 0, 0], [1, 0, 0, 0, 0], [0, 0, 0, 0, 1]], [[1, 1, 0, 0, 0], [1, 0, 0, 0, 0], [0, 0, 0, 0, 0], [0, 0, 0, 0, 1], [0, 0, 0, 1, 0]], [[0, 0, 0, 0, 1], [0, 1, 0, 0, 0], [0, 0, 0, 1, 0], [0, 1, 0, 0, 0], [0, 0, 1, 0, 0]], [[0, 0, 0, 0, 0], [0, 0, 0, 1, 0], [0, 0, 0, 0, 0], [0, 0, 0, 1, 0], [0, 1, 0, 0, 0]], [[0, 0, 0, 1, 0], [0, 0, 0, 0, 1], [0, 0, 0, 0, 1], [0, 0, 1, 0, 0], [1, 0, 0, 0, 0]]];

